100
4501
4501
4501
886
9855
60
7388
9939
2385
877
9919
25
592
9613
59
32
9971
3
2893
7611
2930
54
9058
98
6153
6304
6924
253
324
10
403
9966
68
2238
5366
2091
963
9155
96
5685
9997
98
989
9674
40
1
9872
7
575
9056
99
333
9266
50
570
9276
28
139
9585
47
378
9893
52
10
9971
9
4194
8343
2264
151
9310
45
324
9693
76
484
9514
10
965
2752
2007
107
215
73
329
9766
16
233
9101
37
212
230
12
276
9604
35
2356
5297
747
340
9921
37
2278
7851
5184
779
9426
99
4
9945
8
1609
6716
2
1878
2059
7634
2739
8464
1575
10
9851
10
7
62
72
4166
8480
3566
732
9484
95
227
326
43
2761
8319
40
1890
5791
3219
4844
8707
729
311
1865
3532
16
9890
6
835
9200
23
977
6084
551
505
9603
96
1305
5821
5661
562
9156
92
2829
2829
2829
577
6095
9133
7900
7955
7189
305
1990
51
167
9404
14
4
9946
5
615
9367
71
6102
7001
5609
143
9074
45
728
9739
55
458
9893
32
18
9992
2
4987
4987
4987
412
9044
90
7173
7681
3710
4023
7449
542
4640
9105
5
33
9921
1
747
9664
69
4173
4759
9812
3923
6502
6157
2478
4627
5851
946
9990
92
17
491
76
709
9313
34
3
9859
4
18
9823
14
6204
7407
1820
3033
3773
74
3298
9293
3792
467
9700
60
1345
6289
3819
2992
5135
34
7485
8651
2481
969
9627
57
5936
8320
53
4610
5975
9617
390
9720
60
5993
8779
602
339
9353
26
2045
3441
93
30
210
65
715
9057
77
397
9374
79
274
291
42
